48 2241 220000
48 14284 220000
48 14281 76000
48 14282 76000
PENT 9001 76000
PENT 9002 76000
PENT 9003 76000
PENT 9004 76000
PENT 9005 76000
PENT 9006 76000
PENT 9007 76000
PENT 9008 76000
PENT 9009 76000
PENT 17928 76000
PENT 17929 76000
PENT 17930 76000
PENT 17931 76000
PENT 17932 76000
PENT 17933 76000
PENT 17934 76000
PENT 17935 76000
PENT 17936 76000
PENT 17937 76000
128 2241 76000
128 2242 76000
128 2243 76000
128 2244 76000
128 2245 76000
128 2246 76000
128 2247 76000
128 14310 76000
128 14311 76000
128 14312 76000
128 14313 76000
128 14314 76000
128 14315 76000
128 14316 76000
128 14317 76000
